3764599 3909969 287958
3764599 12324616    498521
3764599 10500541    579534
3764599 1284243 473205
4189739 10918400    52023
4189739 12324616    268536
4189739 10500541    397974
4189739 13720351    255990
2964073 10918400    408657
2964073 12324616    571988
2964073 10500541    503144
2964073 1284243 401167
3593847 10918400    519731
3593847 12324616    437079
3593847 10500541    490924
3593847 1284243 710067
3459525 10918400    194098
3459525 12324616    393186
3459525 3909969 256124
3459525 1284243 278297
3862211 10918400    372724
3862211 12324616    506942
3862211 3909969 648008
3862211 1284243 892502
679779  10451872    309189
679779  12324616    437031
679779  10500541    438848
679779  13720351    370176
3943256 10451872    585379
3943256 10918400    384355
3943256 10500541    317119
3943256 13720351    977160
4485297 10918400    385186
4485297 12324616    343454
4485297 10500541    750331
4485297 1284243 293403
3088977 10451872    445507
3088977 12324616    552322
3088977 10500541    614644
3088977 10918400    457082
3612366 12324616    543094
3612366 10500541    327010
3612366 10918400    194075
3612366 13720351    58659
3764599 18673485    458583
3764599 16873960    416009
3764599 14480201    488867
3764599 22185836    404919
4189739 10805852    318725
4189739 16873960    876953
4189739 19130534    262478
4189739 18673485    396611
2964073 10805852    406219
2964073 18673485    388392
2964073 16873960    447358
2964073 13583469    510454
3593847 10805852    492507
3593847 14480201    431361
3593847 18673485    346082
3593847 22185836    418083
3459525 10805852    799869
3459525 14480201    247509
3459525 16873960    224308
3459525 22185836    166986
3862211 18673485    302008
3862211 14480201    495773
3862211 16873960    301214
3862211 22185836    309168
679779  18673485    222965
679779  19130534    362731
679779  10805852    420211
679779  13583469    406419
3943256 14480201    573690
3943256 19130534    448307
3943256 10805852    550039
3943256 13583469    392318
4485297 13583469    771459
4485297 19130534    522563
4485297 10805852    727087
4485297 18673485    314977
3088977 13583469    439794
3088977 19130534    1093749
3088977 10805852    561998
3088977 18673485    262831
3612366 13583469    1083419
3612366 19130534    330107
3612366 10805852    434995
3612366 18673485    336480
3764599 11844203    153475
3764599 16561695    440179
3764599 22102275    320759
3764599 7719207 398123
4189739 28214037    291824
4189739 16052525    442173
4189739 16561695    578629
4189739 7719207 434546
2964073 7719207 633896
2964073 16052525    474649
2964073 16561695    503868
2964073 11844203    309462
3593847 7719207 364358
3593847 16052525    809031
3593847 11844203    331786
3593847 16561695    550778
3459525 11844203    261637
3459525 16052525    186181
3459525 16561695    255023
3459525 7719207 320733
3862211 11844203    475730
3862211 16052525    369734
3862211 28214037    376537
3862211 7719207 293318
679779  16561695    407146
679779  11844203    147084
679779  28214037    269065
679779  7719207 406414
3943256 16561695    249521
3943256 16052525    285638
3943256 11844203    158672
3943256 7719207 961911
4485297 16561695    632036
4485297 16052525    348672
4485297 28214037    423740
4485297 7719207 535310
3088977 28214037    197899
3088977 16052525    227535
3088977 16561695    514950
3088977 7719207 651714
3612366 28214037    328681
3612366 16052525    325766
3612366 16561695    433869
3612366 7719207 344893
3764599 11370425    635921
3764599 9390208 306670
3764599 7306251 450493
3764599 10610737    672514
3764599 9135454 352452
3764599 9652467 446241
3764599 22677147    360095
3764599 2282145 383480
4189739 12801181    952626
4189739 12487726    285943
4189739 7306251 487890
4189739 10610737    313433
4189739 9135454 491074
4189739 23235560    352027
4189739 22677147    398073
4189739 7157133 501374
2964073 11370425    484401
2964073 12487726    478977
2964073 12801181    544111
2964073 10610737    327351
2964073 2282145 529650
2964073 23235560    586232
2964073 13619656    427997
2964073 9652467 664279
3593847 9390208 375257
3593847 12487726    561068
3593847 7306251 382624
3593847 10610737    419025
3593847 2282145 606615
3593847 23235560    378098
3593847 13619656    573545
3593847 12206784    398385
3459525 11370425    268352
3459525 12487726    375961
3459525 5795337 193901
3459525 12801181    287093
3459525 2282145 340028
3459525 7157133 372600
3459525 13619656    315293
3459525 9652467 577782
3862211 11370425    410540
3862211 12487726    455907
3862211 5795337 358266
3862211 12801181    335317
3862211 23235560    324040
3862211 7157133 262037
3862211 22677147    296320
3862211 9652467 883476
679779  9390208 266119
679779  12487726    333571
679779  7306251 498317
679779  12801181    305198
679779  23235560    555611
679779  9135454 436527
679779  2282145 727004
679779  13619656    373820
3943256 10610737    141662
3943256 12487726    862856
3943256 7306251 568224
3943256 12801181    378863
3943256 23235560    641808
3943256 9135454 819855
3943256 2282145 358324
3943256 22677147    267104
4485297 10610737    646479
4485297 12487726    395462
4485297 7306251 399908
4485297 9390208 387269
4485297 12206784    314539
4485297 23235560    766398
4485297 9135454 412780
4485297 7157133 481026
3088977 10610737    371747
3088977 12487726    559004
3088977 7306251 921621
3088977 9390208 409588
3088977 23235560    465088
3088977 12206784    545566
3088977 2282145 1048966
3088977 13619656    659800
3612366 12487726    477939
3612366 7306251 215102
3612366 12801181    370599
3612366 10610737    371881
3612366 23235560    372241
3612366 7157133 564631
3612366 9135454 532521
3612366 2282145 256000
3764599 13626098    368357
3764599 9182389 615292
3764599 13988393    974568
3764599 7713152 986881
4189739 13626098    598820
4189739 9182389 322261
4189739 11918602    507452
4189739 11129041    781177
2964073 15184992    443901
2964073 9182389 629000
2964073 11918602    442664
2964073 13988393    423241
3593847 7713152 828268
3593847 9182389 498104
3593847 11918602    502041
3593847 13988393    734038
3459525 11129041    440013
3459525 15184992    402484
3459525 11918602    309629
3459525 13988393    377686
3862211 11129041    358403
3862211 9341983 376707
3862211 11918602    382668
3862211 13988393    506602
679779  15184992    491435
679779  13626098    368639
679779  9182389 522444
679779  13988393    501071
3943256 15184992    500840
3943256 13626098    588735
3943256 7713152 553792
3943256 9182389 206074
4485297 11918602    596666
4485297 13626098    390908
4485297 9341983 358317
4485297 9182389 851587
3088977 7713152 530068
3088977 13626098    481136
3088977 15184992    756187
3088977 9182389 674023
3612366 11918602    392830
3612366 13626098    321501
3612366 9182389 759140
3612366 13988393    364078
3764599 29460766    607875
3764599 18035031    419439
3764599 15760163    707305
3764599 12140025    398396
4189739 29460766    441280
4189739 18035031    68998
4189739 15760163    634807
4189739 16896211    404051
2964073 29460766    243449
2964073 15760163    473781
2964073 16896211    241284
2964073 12140025    412698
3593847 29460766    305524
3593847 18035031    283186
3593847 15760163    544190
3593847 12140025    361866
3459525 29460766    216510
3459525 18035031    109323
3459525 15760163    320692
3459525 12140025    147795
3862211 29460766    395866
3862211 18035031    183700
3862211 15760163    482687
3862211 12140025    107956
679779  29460766    371460
679779  18035031    265886
679779  15760163    422668
679779  12140025    375738
3943256 29460766    775747
3943256 18035031    253284
3943256 15760163    244252
3943256 12140025    264084
4485297 29460766    398024
4485297 18035031    151941
4485297 15760163    448645
4485297 12140025    207984
3088977 29460766    442552
3088977 18035031    428237
3088977 15760163    250306
3088977 12140025    302425
3612366 29460766    273097
3612366 18035031    79864
3612366 15760163    336138
3612366 12140025    199834
3764599 1775182 670626
3764599 10500832    429379
3764599 14817468    985108
3764599 10625776    791429
4189739 2917990 423834
4189739 9383377 877188
4189739 16288992    661695
4189739 10625776    329101
2964073 2917990 451406
2964073 1775182 764915
2964073 16288992    608100
2964073 10625776    447424
3593847 2917990 682410
3593847 14817468    633805
3593847 16288992    570295
3593847 10625776    946547
3459525 2917990 542026
3459525 9560694 440794
3459525 16288992    418002
3459525 10500832    388426
3862211 2917990 488502
3862211 10625776    570249
3862211 16288992    469767
3862211 10500832    561017
679779  14817468    627605
679779  10625776    409703
679779  1775182 434520
679779  10500832    526340
3943256 14817468    409872
3943256 10625776    550970
3943256 1775182 796183
3943256 9383377 337646
4485297 16288992    708660
4485297 10625776    530276
4485297 10500832    752834
4485297 2917990 520866
3088977 16288992    1037346
3088977 10625776    551927
3088977 1775182 575273
3088977 2917990 661663
3612366 16288992    1061461
3612366 9383377 380941
3612366 10625776    328613
3612366 2917990 761144
3764599 9027651 418158
3764599 6750946 391624
3764599 13604256    879005
3764599 15371872    451321
4189739 15213299    458554
4189739 6750946 407293
4189739 13604256    866764
4189739 6560308 215382
2964073 8079187 634082
2964073 13604256    448936
2964073 15371872    498932
2964073 11234356    471005
3593847 11234356    506344
3593847 13604256    832854
3593847 6750946 665764
3593847 9027651 912921
3459525 11234356    318819
3459525 13604256    254420
3459525 6750946 291960
3459525 9027651 357294
3862211 11234356    455606
3862211 6560308 298806
3862211 6750946 340858
3862211 9027651 504458
679779  11234356    453379
679779  15371872    556209
679779  13604256    613673
679779  9027651 602376
3943256 8079187 211380
3943256 15371872    637906
3943256 13604256    866582
3943256 6560308 906123
4485297 15213299    628336
4485297 15371872    515954
4485297 11234356    384587
4485297 6560308 580395
3088977 13604256    730933
3088977 15371872    702185
3088977 8079187 531873
3088977 9027651 490857
3612366 13604256    297160
3612366 6560308 647612
3612366 15213299    449576
3612366 15371872    519672
3764599 13990302    399129
3764599 8244518 268542
3764599 15324096    496647
3764599 19500829    256641
4189739 13990302    129042
4189739 8244518 38303
4189739 14220963    115196
4189739 15324096    94868
2964073 13990302    467812
2964073 8244518 241018
2964073 19500829    244715
2964073 15324096    264209
3593847 13990302    506632
3593847 14220963    141171
3593847 14381318    158020
3593847 15324096    415183
3459525 13990302    160511
3459525 19500829    91179
3459525 14381318    197725
3459525 8244518 80833
3862211 13990302    205824
3862211 8244518 93992
3862211 14381318    125164
3862211 15324096    119041
679779  13990302    314851
679779  14220963    241216
679779  8244518 200084
679779  15324096    248587
3943256 13990302    187579
3943256 14220963    73428
3943256 8244518 385707
3943256 15324096    175528
4485297 13990302    381311
4485297 14220963    217138
4485297 19500829    111122
4485297 15324096    455703
3088977 13990302    454929
3088977 8244518 187190
3088977 19500829    257771
3088977 15324096    305014
3612366 13990302    293210
3612366 8244518 76350
3612366 15324096    162167
3612366 14220963    136102
3764599 694480  402996
3764599 4075655 459150
3764599 4335279 526642
3764599 13858681    432875
4189739 13795588    226498
4189739 3367476 899658
4189739 4335279 788577
4189739 10436444    671087
2964073 694480  333680
2964073 3367476 279180
2964073 4335279 388818
2964073 10436444    334738
3593847 694480  446953
3593847 4075655 344347
3593847 4335279 363155
3593847 10436444    368009
3459525 13858681    354997
3459525 4075655 104831
3459525 3367476 214654
3459525 10436444    356970
3862211 4335279 485539
3862211 13858681    306403
3862211 3367476 568133
3862211 10436444    455894
679779  4335279 565475
679779  4075655 634038
679779  694480  515303
679779  13795588    337068
3943256 4335279 672282
3943256 3367476 358691
3943256 694480  326017
3943256 13795588    872938
4485297 4335279 796623
4485297 3367476 566496
4485297 10436444    486312
4485297 13795588    211671
3088977 4335279 391173
3088977 4075655 783842
3088977 10436444    465384
3088977 13795588    487866
3612366 3367476 350486
3612366 4335279 236978
3612366 10436444    481385
3612366 13795588    162351
3764599 3410997 366389
3764599 12046321    451527
3764599 8186536 562899
3764599 9586445 389426
4189739 9737185 595327
4189739 11611550    442938
4189739 8186536 488175
4189739 12046321    284302
2964073 9737185 516405
2964073 3410997 879453
2964073 8186536 716881
2964073 12046321    291565
3593847 12046321    417466
3593847 11611550    541375
3593847 8186536 737000
3593847 9737185 655169
3459525 3410997 450405
3459525 11611550    344036
3459525 9737185 614585
3459525 15038779    385202
3862211 3410997 627497
3862211 11611550    402142
3862211 9737185 867590
3862211 12046321    294273
679779  9586445 449571
679779  9737185 472660
679779  8186536 486994
679779  12046321    309104
3943256 9586445 790921
3943256 9737185 620771
3943256 8186536 691759
3943256 11611550    512832
4485297 9586445 595444
4485297 15038779    340277
4485297 8186536 470409
4485297 12046321    621043
3088977 9737185 639736
3088977 12046321    277654
3088977 8186536 581495
3088977 9586445 582199
3612366 9737185 320489
3612366 15038779    681809
3612366 8186536 377771
3612366 9586445 243051
3764599 10463129    463593
3764599 9459674 578105
3764599 9507565 649354
3764599 16320893    548170
3764599 22461441    996377
3764599 18131614    979567
3764599 14800198    644370
3764599 8152145 966353
3764599 14169321    630062
3764599 18690280    526526
3764599 11776859    324681
3764599 15227187    381066
3764599 18567604    504420
3764599 18047706    558063
3764599 13319294    442258
3764599 15441612    732049
4189739 8170022 699896
4189739 9459674 972349
4189739 4980135 393036
4189739 16320893    420028
4189739 12965030    565672
4189739 18131614    651592
4189739 7943819 970847
4189739 9507565 874511
4189739 20630250    398644
4189739 18690280    101709
4189739 15227187    563208
4189739 18567604    463417
4189739 18047706    156226
4189739 13319294    198649
4189739 15441612    360028
2964073 9459674 639323
2964073 14800198    669759
2964073 14169321    646724
2964073 9507565 514767
2964073 12965030    462643
2964073 18131614    525246
2964073 8152145 941644
2964073 10463129    994240
2964073 17795498    440718
2964073 18690280    345534
2964073 11776859    337999
2964073 8170022 321161
2964073 18567604    861697
2964073 15227187    581007
2964073 18047706    642327
2964073 15441612    627502
3593847 9459674 585319
3593847 14800198    973857
3593847 14169321    993890
3593847 16320893    742314
3593847 12965030    821539
3593847 9507565 890959
3593847 8152145 987646
3593847 10463129    679884
3593847 17795498    411389
3593847 18690280    714104
3593847 11776859    454265
3593847 10224047    454308
3593847 18567604    568864
3593847 28278413    531461
3593847 18047706    909923
3593847 15441612    662592
3459525 4980135 734342
3459525 14800198    356744
3459525 14169321    503970
3459525 9459674 327010
3459525 12965030    188744
3459525 9507565 437031
3459525 8170022 333126
3459525 10463129    977510
3459525 17795498    202831
3459525 18690280    330015
3459525 11776859    321257
3459525 10224047    444191
3459525 18567604    213168
3459525 13319294    243958
3459525 18047706    407360
3459525 15441612    399816
3862211 9459674 784285
3862211 14800198    611486
3862211 14169321    640522
3862211 8152145 619373
3862211 12965030    160291
3862211 9507565 698670
3862211 8170022 353007
3862211 10463129    385340
3862211 17795498    524473
3862211 18690280    1020055
3862211 11776859    550311
3862211 10224047    667129
3862211 18567604    403519
3862211 13319294    291874
3862211 18047706    535027
3862211 15441612    1034347
679779  9459674 808826
679779  22461441    926265
679779  18131614    1063620
679779  4980135 534477
679779  12965030    454710
679779  14800198    502136
679779  16320893    644468
679779  10463129    585186
679779  20630250    598027
679779  9507565 457894
679779  11776859    156850
679779  15227187    264017
679779  18567604    701961
679779  13319294    414908
679779  18047706    743307
679779  15441612    523195
3943256 9459674 858313
3943256 22461441    633879
3943256 18131614    995908
3943256 4980135 382084
3943256 12965030    678053
3943256 8152145 694081
3943256 14169321    1055275
3943256 10463129    1056089
3943256 16320893    363972
3943256 9507565 413285
3943256 11776859    43805
3943256 15227187    385083
3943256 18567604    564797
3943256 13319294    632826
3943256 18047706    591657
3943256 15441612    491664
4485297 9459674 824727
4485297 22461441    881434
4485297 18131614    1093298
4485297 4980135 1030467
4485297 12965030    659387
4485297 7943819 585010
4485297 20630250    1072796
4485297 10463129    1082595
4485297 16320893    700799
4485297 9507565 598266
4485297 18567604    549731
4485297 17795498    253259
4485297 13319294    558987
4485297 15227187    638642
4485297 15441612    810357
3088977 9459674 657141
3088977 22461441    486653
3088977 18131614    685308
3088977 8152145 1050479
3088977 12965030    503465
3088977 9507565 723994
3088977 18567604    1063936
3088977 10463129    628584
3088977 16320893    786247
3088977 14800198    950540
3088977 14169321    577463
3088977 11776859    101705
3088977 17795498    552799
3088977 18047706    399149
3088977 15227187    670965
3088977 15441612    481599
3612366 9459674 1119567
3612366 22461441    512998
3612366 18131614    1081220
3612366 4980135 559563
3612366 12965030    340603
3612366 7943819 567700
3612366 18567604    788094
3612366 9507565 411871
3612366 16320893    1097090
3612366 20630250    506881
3612366 11776859    37319
3612366 18047706    147666
3612366 13319294    385438
3612366 15227187    328442
3612366 15441612    639551
3612366 8170022 382148
3764599 13347734    441684
3764599 10285023    312554
3764599 14135953    366100
3764599 13418221    456269
4189739 13347734    563829
4189739 14135953    122943
4189739 12903478    344510
4189739 13418221    425259
2964073 10285023    456278
2964073 13522223    243987
2964073 12903478    401712
2964073 13418221    272959
3593847 10285023    307313
3593847 13347734    483990
3593847 14135953    348378
3593847 13418221    442476
3459525 10285023    276184
3459525 13347734    233387
3459525 8869526 375407
3459525 13418221    171771
3862211 10285023    638282
3862211 13347734    276256
3862211 8869526 256154
3862211 12903478    180831
679779  14135953    307305
679779  13347734    283048
679779  13522223    258214
679779  13418221    326787
3943256 14135953    742379
3943256 13347734    578001
3943256 13522223    201396
3943256 13418221    407322
4485297 12903478    364605
4485297 13347734    390596
4485297 13522223    131177
4485297 13418221    339560
3088977 12903478    408234
3088977 13347734    305403
3088977 13522223    284693
3088977 13418221    503187
3612366 12903478    604245
3612366 13347734    216729
3612366 14135953    106317
3612366 13418221    157779
3764599 7639453 322444
3764599 689997  362256
3764599 4280363 381092
3764599 14090438    738750
3764599 9425864 531612
3764599 4437927 452641
3764599 9047034 365148
3764599 21627415    515120
4189739 7639453 578871
4189739 689997  262914
4189739 4280363 343197
4189739 14090438    223554
4189739 21627415    435256
4189739 4600383 167627
4189739 5007943 194179
4189739 9425864 377312
2964073 4201807 558782
2964073 689997  273600
2964073 4280363 507312
2964073 14090438    544744
2964073 21627415    563925
2964073 9047034 384658
2964073 5007943 434236
2964073 4600383 321058
3593847 4201807 475632
3593847 4437927 565718
3593847 4280363 428017
3593847 14090438    589916
3593847 21627415    646386
3593847 9047034 379343
3593847 5007943 435230
3593847 9425864 517225
3459525 4201807 321326
3459525 4280363 320057
3459525 4600383 101836
3459525 14090438    247096
3459525 21627415    384646
3459525 2844779 203028
3459525 5007943 306298
3459525 9425864 363644
3862211 4201807 487990
3862211 4280363 405457
3862211 689997  327766
3862211 9047034 292721
3862211 21627415    430342
3862211 2844779 486082
3862211 5007943 355835
3862211 9425864 504800
679779  14090438    389703
679779  4280363 495211
679779  689997  283128
679779  9047034 409314
679779  21627415    424805
679779  2844779 321624
679779  2541804 381044
679779  9425864 571422
3943256 4437927 344318
3943256 4280363 319371
3943256 14090438    503323
3943256 7639453 232386
3943256 21627415    525119
3943256 2844779 390692
3943256 2541804 329660
3943256 9425864 866831
4485297 7639453 611431
4485297 9047034 285490
4485297 14090438    428317
4485297 10976433    484420
4485297 21627415    804984
4485297 689997  376910
4485297 2541804 423304
4485297 9425864 184368
3088977 4437927 649850
3088977 7639453 338712
3088977 14090438    434330
3088977 4280363 486069
3088977 21627415    432030
3088977 689997  623738
3088977 4600383 363055
3088977 10976433    517757
3612366 5007943 232566
3612366 7639453 620792
3612366 9047034 232748
3612366 2541804 769358
3612366 21627415    445305
3612366 689997  459590
3612366 4600383 162214
3612366 10976433    644544
3764599 3493249 283364
3764599 8715313 664344
3764599 12883311    66466
3764599 3579669 181510
4189739 3493249 201128
4189739 8715313 677726
4189739 12883311    14393
4189739 3579669 131884
2964073 3493249 480659
2964073 8715313 730695
2964073 12883311    47681
2964073 3579669 154045
3593847 3493249 286803
3593847 8715313 351321
3593847 2536580 309414
3593847 3579669 215728
3459525 3493249 117943
3459525 8715313 135107
3459525 2536580 245925
3459525 12883311    75847
3862211 2536580 327782
3862211 12883311    65226
3862211 3579669 87555
3862211 3493249 77116
679779  8715313 411444
679779  2536580 413306
679779  3579669 198654
679779  3493249 430477
3943256 12883311    24807
3943256 8715313 398466
3943256 3579669 103903
3943256 3493249 343306
4485297 8715313 613458
4485297 2536580 241288
4485297 3579669 249984
4485297 3493249 431076
3088977 3493249 378599
3088977 8715313 464432
3088977 12883311    35364
3088977 3579669 155037
3612366 3493249 247946
3612366 8715313 412907
3612366 2536580 118941
3612366 3579669 135979
3764599 11639738    320325
3764599 18750748    309293
3764599 11526714    503105
3764599 12616850    570144
4189739 8779023 60817
4189739 18750748    280834
4189739 11526714    189567
4189739 16679145    93182
2964073 8779023 314298
2964073 11526714    453505
2964073 17274293    744221
2964073 12616850    574578
3593847 18750748    386504
3593847 11526714    409830
3593847 17274293    336805
3593847 12616850    758854
3459525 17274293    308778
3459525 11526714    433148
3459525 8779023 155244
3459525 16679145    644745
3862211 17274293    369509
3862211 11526714    389730
3862211 8779023 179781
3862211 16679145    798933
679779  18750748    365027
679779  26058793    374228
679779  11639738    302660
679779  12616850    745739
3943256 11526714    385652
3943256 16679145    213407
3943256 8779023 212798
3943256 12616850    405510
4485297 26058793    335032
4485297 16679145    472361
4485297 18750748    352219
4485297 12616850    352775
3088977 18750748    338073
3088977 16679145    468429
3088977 26058793    432835
3088977 12616850    1106808
3612366 18750748    301377
3612366 11526714    201007
3612366 26058793    369910
3612366 16679145    537205
3764599 7588992 520037
3764599 12360211    471323
3764599 8570559 574146
3764599 8530809 746540
4189739 6875638 448354
4189739 11906790    706920
4189739 8570559 476168
4189739 8530809 699587
2964073 16197865    503788
2964073 7588992 620989
2964073 8570559 419543
2964073 8530809 511113
3593847 16197865    268348
3593847 7588992 687770
3593847 8570559 386770
3593847 8530809 648871
3459525 16197865    336009
3459525 7588992 264747
3459525 8570559 241178
3459525 8530809 545748
3862211 16197865    391408
3862211 7588992 255795
3862211 8570559 241563
3862211 8530809 645835
679779  8530809 630986
679779  12360211    430193
679779  8570559 344235
679779  6875638 364951
3943256 8570559 244163
3943256 6875638 778310
3943256 7588992 291304
3943256 8530809 464900
4485297 8570559 424691
4485297 6875638 342526
4485297 11906790    851568
4485297 8530809 462666
3088977 8570559 456989
3088977 7588992 540388
3088977 11906790    333669
3088977 8530809 461372
3612366 16197865    199740
3612366 8570559 325994
3612366 11906790    1052457
3612366 8530809 303970
3764599 10997439    419114
3764599 8268978 809423
3764599 12949657    628426
3764599 8165685 841369
4189739 8165685 569493
4189739 10997439    295478
4189739 10290641    404429
4189739 14795251    399768
2964073 9323312 907481
2964073 12949657    570963
2964073 10997439    571048
2964073 14795251    570069
3593847 9323312 537211
3593847 12949657    643977
3593847 8165685 650806
3593847 10290641    389159
3459525 14795251    636028
3459525 12949657    598309
3459525 8165685 576494
3459525 10997439    409214
3862211 14795251    773807
3862211 8268978 528286
3862211 8165685 538969
3862211 12949657    1044541
679779  10290641    429608
679779  9323312 820158
679779  17045442    434131
679779  8165685 482863
3943256 10290641    440733
3943256 12949657    761069
3943256 9323312 846482
3943256 14795251    516609
4485297 10290641    651874
4485297 8268978 450939
4485297 14795251    650141
4485297 17045442    1039453
3088977 9323312 748182
3088977 14795251    639374
3088977 10290641    531991
3088977 12949657    652871
3612366 17045442    403808
3612366 14795251    644843
3612366 10290641    470029
3612366 8268978 386186
3764599 13925698    653887
3764599 12090610    974401
3764599 10676573    582978
3764599 3257847 567997
3764599 8688737 743762
3764599 25306176    391269
3764599 16303970    272053
3764599 9845103 453273
4189739 13925698    800109
4189739 12090610    837724
4189739 10676573    966653
4189739 3257847 881479
4189739 8688737 426214
4189739 25306176    314870
4189739 16303970    95478
4189739 18347666    488623
2964073 9082441 707452
2964073 12090610    755554
2964073 10676573    868455
2964073 3257847 724063
2964073 17996877    494582
2964073 25306176    376581
2964073 8688737 543206
2964073 9845103 442399
3593847 9082441 594411
3593847 12090610    628610
3593847 13925698    992460
3593847 3257847 682682
3593847 17996877    442111
3593847 18347666    387179
3593847 8688737 551289
3593847 9845103 556090
3459525 9082441 498093
3459525 3257847 941343
3459525 12090610    423915
3459525 10676573    373961
3459525 17996877    299049
3459525 25306176    494595
3459525 8688737 420355
3459525 9845103 266787
3862211 9082441 852672
3862211 13757181    376312
3862211 3257847 562926
3862211 10676573    1012652
3862211 18347666    734488
3862211 25306176    345731
3862211 8688737 843413
3862211 9845103 554786
679779  13925698    604482
679779  12090610    644873
679779  3257847 488855
679779  17996877    458858
679779  25306176    296199
679779  8688737 684887
679779  9845103 850568
679779  10728620    518951
3943256 13925698    522849
3943256 12090610    1030785
3943256 10676573    992486
3943256 3257847 658386
3943256 17996877    630681
3943256 25306176    396159
3943256 8688737 467491
3943256 9845103 461989
4485297 10728620    735108
4485297 13925698    1096071
4485297 10676573    849645
4485297 3257847 616564
4485297 17996877    373278
4485297 25306176    566092
4485297 8688737 617437
4485297 9845103 448222
3088977 13925698    616925
3088977 10676573    693287
3088977 12090610    725729
3088977 3257847 677097
3088977 17996877    510724
3088977 25306176    347714
3088977 8688737 1059056
3088977 9845103 714878
3612366 13925698    454987
3612366 10676573    1086385
3612366 3257847 660529
3612366 16303970    84542
3612366 25306176    621778
3612366 8688737 407626
3612366 9845103 132132
3612366 10728620    897544
3764599 8755469 486527
3764599 12059873    387001
3764599 16401033    233010
3764599 12630754    551266
4189739 8755469 471626
4189739 12059873    506832
4189739 14472389    211727
4189739 12630754    416230
2964073 8755469 635762
2964073 12059873    504594
2964073 12031584    605679
2964073 12630754    419420
3593847 14472389    559508
3593847 12059873    360255
3593847 12031584    374553
3593847 8755469 952810
3459525 12630754    127155
3459525 12825668    104137
3459525 12031584    590761
3459525 8755469 229610
3862211 12630754    193566
3862211 12825668    228113
3862211 12031584    251799
3862211 8755469 294358
679779  12630754    327542
679779  12059873    444720
679779  8755469 483686
679779  14472389    276396
3943256 12630754    273257
3943256 12059873    345250
3943256 8755469 273192
3943256 16401033    270429
4485297 12630754    451989
4485297 12059873    720169
4485297 8755469 365042
4485297 14472389    544064
3088977 12630754    643928
3088977 12059873    699652
3088977 8755469 334142
3088977 14472389    585586
3612366 12630754    229195
3612366 12059873    487583
3612366 8755469 424531
3612366 12825668    270050
3764599 11142471    506593
3764599 9091312 675639
3764599 11599395    461804
3764599 11210823    364009
3764599 16385977    467830
3764599 25479104    397049
3764599 12301388    446709
3764599 16386592    786753
3764599 8508931 587373
3764599 12868917    554910
3764599 12139352    842652
3764599 14801826    642055
4189739 10811597    342775
4189739 9091312 304809
4189739 11391797    403652
4189739 11210823    519628
4189739 16385977    324395
4189739 25479104    423656
4189739 20589414    385570
4189739 12221151    402046
4189739 12868917    543869
4189739 14801826    338253
4189739 16386592    614498
4189739 15846736    511428
2964073 10811597    615452
2964073 9091312 840606
2964073 11599395    392428
2964073 19686199    862945
2964073 15145155    604116
2964073 12221151    593693
2964073 12301388    404476
2964073 11142471    738211
2964073 8508931 475500
2964073 16386592    385105
2964073 15846736    839348
2964073 12139352    438893
3593847 10811597    337718
3593847 9091312 889926
3593847 12301388    435622
3593847 11210823    422543
3593847 15145155    548512
3593847 12221151    388293
3593847 15603453    408915
3593847 11142471    686310
3593847 8508931 739341
3593847 16386592    358962
3593847 12868917    504396
3593847 15846736    561503
3459525 11599395    427274
3459525 10811597    151918
3459525 11210823    278519
3459525 25479104    271495
3459525 15145155    361414
3459525 8508931 219402
3459525 12301388    300187
3459525 11142471    484970
3459525 16386592    190622
3459525 12058601    403582
3459525 12868917    216334
3459525 12139352    368165
3862211 11599395    338021
3862211 12058601    344387
3862211 11210823    890873
3862211 25479104    394975
3862211 15145155    477725
3862211 8508931 256693
3862211 9855488 234447
3862211 11142471    359210
3862211 12301388    206077
3862211 16386592    605329
3862211 12868917    782388
3862211 12139352    402087
679779  10811597    339375
679779  12058601    319193
679779  9091312 452814
679779  25479104    319072
679779  19686199    483679
679779  8508931 565605
679779  11142471    836235
679779  14237443    397616
679779  16386592    394846
679779  20589414    548337
679779  15846736    444261
679779  12139352    548212
3943256 9855488 323148
3943256 11210823    392610
3943256 9091312 418378
3943256 25479104    384141
3943256 19686199    568483
3943256 8508931 767073
3943256 12221151    295473
3943256 11142471    937922
3943256 16386592    504000
3943256 20589414    584971
3943256 15846736    570519
3943256 12139352    900029
4485297 10811597    473005
4485297 14237443    283352
4485297 9091312 712266
4485297 25479104    431636
4485297 19686199    244949
4485297 8508931 454489
4485297 16385977    482592
4485297 11142471    435786
4485297 16386592    434333
4485297 20589414    639317
4485297 15846736    1099747
4485297 14801826    588902
3088977 15603453    300291
3088977 9091312 584981
3088977 14237443    506183
3088977 9855488 421357
3088977 8508931 599694
3088977 16385977    509519
3088977 11142471    795744
3088977 16386592    933514
3088977 15145155    367147
3088977 20589414    304283
3088977 25479104    401466
3088977 15846736    571705
3612366 10811597    456435
3612366 20589414    301835
3612366 9091312 460567
3612366 25479104    718238
3612366 11142471    567654
3612366 8508931 431595
3612366 16385977    486950
3612366 19686199    212120
3612366 16386592    391479
3612366 15846736    510583
3612366 12139352    296297
3612366 11210823    358808
3764599 3149395 518128
3764599 17467899    467095
3764599 21586994    556231
3764599 17192419    490514
3764599 14420220    350845
3764599 5221058 364549
3764599 10997010    793256
3764599 6795168 729039
4189739 11189164    494069
4189739 17467899    791967
4189739 21586994    960842
4189739 14420220    213252
4189739 6795168 285268
4189739 10997010    613110
4189739 8779938 494563
4189739 17192419    605433
2964073 11189164    516770
2964073 17467899    477946
2964073 21586994    342588
2964073 3149395 733995
2964073 6795168 349015
2964073 19599089    458946
2964073 8779938 882862
2964073 17192419    634066
3593847 11189164    557517
3593847 17467899    627077
3593847 21586994    400620
3593847 10997010    492765
3593847 3149395 635446
3593847 6795168 967624
3593847 8779938 599222
3593847 17192419    712201
3459525 11189164    408147
3459525 17467899    436894
3459525 3149395 502293
3459525 12674517    216058
3459525 6795168 409603
3459525 8779938 591255
3459525 17192419    368142
3459525 8666421 611481
3862211 11189164    834945
3862211 17467899    485725
3862211 3149395 564829
3862211 12674517    382888
3862211 6795168 935045
3862211 8779938 401764
3862211 17192419    512902
3862211 8666421 711560
679779  17467899    454218
679779  3996854 328466
679779  21586994    420834
679779  14420220    346210
679779  6795168 422129
679779  19599089    312234
679779  17192419    626319
679779  10997010    357032
3943256 17467899    402758
3943256 3996854 220955
3943256 21586994    340662
3943256 14420220    295152
3943256 6795168 652073
3943256 19599089    409936
3943256 17192419    506065
3943256 10997010    330889
4485297 8779938 388147
4485297 17467899    647216
4485297 3996854 339980
4485297 21586994    552249
4485297 14420220    455194
4485297 17192419    922900
4485297 19599089    620057
4485297 10997010    773008
3088977 17467899    727579
3088977 11189164    417114
3088977 21586994    570885
3088977 14420220    498087
3088977 8779938 484993
3088977 19599089    702201
3088977 10997010    954869
3088977 6795168 700608
3612366 17467899    621344
3612366 11189164    991989
3612366 21586994    331112
3612366 14420220    330311
3612366 5805029 383285
3612366 17192419    556785
3612366 10997010    425191
3612366 19599089    453076